1.000000000000000
2.088380779985799
3.174013570331728
4.257302042057430
5.338599843934776
6.418219963204122
7.496440255064651
8.573508646082173
9.649647083723107
10.725055002659568
11.799912364468801
12.874382385389449
13.948613979201269
15.022743934937301
16.096898842538039
17.171196783491194
18.245748803390029
19.320660179877624
20.396031502662499
21.471959577571042
22.548538162042970
23.625858534116475
24.704009890856181
25.783079565589563
26.863153046537143
27.944313772892528
29.026642678791273
30.110217451103992
31.195111467118881
32.281392385242036
33.369120370590473
34.458345961132075
35.549107613295867
36.641429011566650
37.735316282415951
38.830755313192782
39.927709430949477
41.026117730047538
42.125894329804652
43.226928804506755
44.329087927338421
45.432218681358918
46.536152355200940
47.640709391801522
48.745704568283571
49.850952071965651
50.956270099770585
52.061484725578353
53.166432923780576
54.270964749514334
55.374944779957062
56.478252981630213
57.580785162115411
58.682453142362007
59.783184744697685
60.882923647112129
61.981629116447316
63.079275608347260
64.175852212153643
65.271361904593945
66.365820610290740
67.459256072996141
68.551706554030517
69.643219391565623
70.733849464949159
71.823657614099062
72.912709065204396
74.001071911208015
75.088815689663377
76.176010092092625
77.262723831615062
78.349023685538228
79.434973718274236
80.520634681786774
81.606063582828824
82.691313399545592
83.776432925037440
84.861466712450508
85.946455095205849
87.031434257012066
88.116436328505216
89.201489493259999
90.286618090453970
91.371842704147241
92.457180237033938
93.542643970201510
94.628243613821937
95.713985356078751
96.799871918896642
97.885902629257131
98.972073514179911
100.058377425919588
101.144804201473832
102.231340860276362
103.317971838521558
104.404679256431749
105.491443213599112
106.578242105215040
107.665052950857543
108.751851727201753
109.838613696595175
110.925313724844315
112.011926583616571
113.098427235364568
114.184791101174298
115.270994313360390
116.357013956635811
117.442828301881107
118.528417035635428
119.613761486635141
120.698844848167099
121.783652392097508
122.868171667670381
123.952392676017865
125.036308010197160
126.119912951102734
127.203205509566374
128.286186408057517
129.368859000290144
130.451229128919209
131.533304925510180
132.615096560118417
133.696615950209491
134.777876440175902
135.858892463331500
136.939679198066671
138.020252228972851
139.100627222313079
140.180819623493363
141.260844382832005
142.340715713649246
143.420446884950536
144.500050049562986
145.579536107301180
146.658914601713491
147.738193648213780
148.817379890933609
149.896478485428645
150.975493104421531
152.054425963996124
153.133277867924477
154.212048269166957
155.290735347096046
156.369336099652230
157.447846450392007
158.526261370333913
159.604575014370340
160.682780871596037
161.760871928235105
162.838840840985682
163.916680117646507
164.994382300955010
166.071940150810690
167.149346819612219
168.226596014864327
169.303682143776598
170.380600435193685
171.457347035028931
172.533919072566192
173.610314696313907
174.686533079437709
175.762574396059222
176.838439770799880
177.914131204811980
178.989651482143216
180.065004060634436
181.140192951640756
182.215222592545729
183.290097716266530
184.364823221222565
185.439404044772346
186.513845042690349
187.588150876776751
188.662325912241926
189.736374126111599
190.810299027552816
191.884103590752062
192.957790200765970
194.031360612612644
195.104815923704024
196.178156559889544
197.251382275251927
198.324492165459418
199.397484694717150
200.470357736165028
201.543108625384093
202.615734226409444
203.688231009314762
204.760595138025906
205.832822566573697
206.904909141535256
207.976850707983374
209.048643215914552
210.120282823940897
211.191765996803241
212.263089593411621
213.334250942512512
214.405247903451880
215.476078910105628
216.546742996747156
217.617239805369138
218.687569574729054
219.757733112094428
220.827731749280957
221.897567285081806
222.967241916553206
224.036758161851623
225.106118777413286
226.175326672169376
227.244384821494322
228.313296183315714
229.382063618473381
230.450689817138482
231.519177232769607
232.587528024752913
233.655744010553377
234.723826627907698
235.791776907324191
236.859595454921418
237.927282445443041
238.994837625123296
240.062260323936442
241.129549476661396
242.196703652249681
243.263721090664006
244.330599746439560
245.397337338179881
246.463931403125486
247.530379355870593
248.596678550236646
249.662826343234769
250.728820159974561
251.794657558300401
252.860336291876138
253.925854370399804
254.991210115618458
256.056402211856437
257.121429749869151
258.186292262787958
259.250989753312126
260.315522711459892
261.379892122396654
262.444099464151520
263.508146695315077
264.572036233091751
265.635770922340953
266.699353996474542
267.762789031273940
268.826079892839516
269.889230680987851
270.952245669467004
272.015129244368381
273.077885842075887
274.140519888018332
275.203035737435187
276.265437619230909
277.327729583831911
278.389915455844573
279.451998792168467
280.513982846082058
281.575870537690719
282.637664430999678
283.699366717766964
284.760979208190236
285.822503328389814
286.883940124570358
287.945290273676505
289.006554100283154
290.067731599399565
291.128822464820814
292.189826122649890
293.250741769409842
294.311568414208523
295.372304924339574
296.432950073622635
297.493502592716197
298.553961220568624
299.614324756107237
300.674592109212028
301.734762349983157
302.794834755288093
303.854808851581708
304.914684453023938
305.974461693977787
307.034141055069824
308.093723382137171
309.153209897437648
310.212602202748883
311.271902274209424
312.331112448873512
313.390235403167480
314.449274123627902
315.508231870477289
316.567112134752449
317.625918589833191
318.684655038333972
319.743325355394973
320.801933429467226
321.860483101710429
322.918978105120289
323.977422004481241
325.035818138196021
326.094169562959109
327.152479002249038
328.210748799493501
329.268980876614478
330.327176698636208
331.385337244922425
332.443462987519126
333.501553876977880
334.559609335941218
335.617628260669505
336.675609030588646
337.733549525834462
338.791447152659771
339.849298876462740
340.907101262070114
341.964850520799018
343.022542563688262
344.080173060164498
345.137737501325944
346.195231266855671
347.252649694458739
348.309988150679430
349.367242101866509
350.424407184002462
351.481479270102398
352.538454533895049
353.595329508552538
354.652101139313800
355.708766828961643
356.765324475257216
357.821772499602105
358.878109866386978
359.934336092683566
360.990451248141540
362.046455945166258
363.102351319653110
364.158139002625774
365.213821083472112
366.269400065537582
367.324878814924546
368.380260503459397
369.435548546856694
370.490746539155111
371.545858184521421
372.600887227521412
373.655837382941797
374.710712266217001
375.765515325476315
376.820249776171579
377.874918539191299
378.929524183301226
379.984068872683736
381.038554320270521
382.092981747464080
383.147351850876987
384.201664776517816
385.255920101763877
386.310116825418675
387.364253366040941
388.418327568624193
389.472336719593386
390.526277569971342
391.580146366443444
392.633938889921353
393.687650501082317
394.741276192230146
395.794810644705592
396.848248290960555
397.901583380307386
398.954810047278897
400.007922381467324
401.060914497681097
402.113780605254135
403.166515075317591
404.219112504930024
405.271567777036921
406.323876115321639
407.376033133127748
408.428034875774131
409.479877855729399
410.531559080270824
411.583076071410233
412.634426878022509
413.685610080259835
414.736624786470827
415.787470622961393
416.838147717042773
417.888656673894616
418.938998547845245
419.989174808717905
421.039187303934114
422.089038217089069
423.138730023668302
424.188265444662022
425.237647398774982
426.286878953894757
427.335963278464533
428.384903593373394
429.433703124940450
430.482365059529229
431.530892500289838
432.579288426480900
433.627555655783510
434.675696809973431
435.723714284272546
436.771610220657408
437.819386485354244
438.867044650700791
439.914585981510982
440.962011426020013
442.009321611442033
443.056516844108501
444.103597114111892
445.150562104351536
446.197411203742547
447.244143524358833
448.290757922209195
449.337253021294430
450.383627240551277
451.429878823241381
452.476005868312257
453.522006363229423
454.567878217758960
455.613619298168885
456.659227461320995
457.704700588129981
458.750036615889826
459.795233568991307
460.840289587593816
461.885202953860187
462.929972115407566
463.974595705688898
465.019072561073983
466.063401734469437
467.107582505354117
468.151614386181791
469.195497125177155
470.239230705589250
471.282815341522394
472.326251470512489
473.369539743060216
474.412681009370942
475.455676303582095
476.498526825784552
477.541233922167351
478.583799063627339
479.626223823196426
480.668509852642444
481.710658858599288
482.752672578575925
483.794552757184533
484.836301122915643
485.877919365766616
486.919409116015458
487.960771924403844
489.002009243969951
490.043122413743220
491.084112644482616
492.124981006622704
493.165728420540461
494.206355649235434
495.246863293478270
496.287251789457628
497.327521408916823
498.367672261745383
499.407704300954322
500.447617329941579
501.487411011919676
502.527084881352778
503.566638357228271
504.606070757961788
505.645381317715419
506.684569203891840
507.723633535552551
508.762573402495491
509.801387884720953
510.840076072009026
511.878637083330204
512.917070085817500
513.955374313028415
514.993549082241771
516.031593810545814
517.069508029491999
518.107291398102006
519.144943714048395
520.182464922853455
521.219855124976334
522.257114580689290
523.294243712673165
524.331243106298530
525.368113507585804
526.404855818875035
527.441471092265260
528.477960520916781
529.514325428337770
530.550567255806754
531.586687548108330
532.622687937783098
533.658570128114320
534.694335875091724
535.729986968607818
536.765525213151705
537.800952408274725
538.836270329102149
539.871480707167279
540.906585211837069
541.941585432590045
542.976482862394164
544.011278882414558
545.045974748261528
546.080571577967817
547.115070341860587
548.149471854456692
549.183776768485245
550.217985571112990
551.252098582411008
552.286115956072422
553.320037682359839
554.353863593226151
555.387593369527167
556.421226550211600
557.454762543351649
558.488200638851595
559.521540022648196
560.554779792201884
561.587918973060368
562.620956536261474
563.653891416336137
564.686722529666440
565.719448792945855
566.752069141495099
567.784582547189871
568.816988035757390
569.849284703219269
570.881471731258671
571.913548401315325
572.945514107221811
573.977368366217434
575.009110828198118
576.040741283084117
577.072259666207856
578.103666061649619
579.134960703484921
580.166143974924694
581.197216405361019
582.228178665356154
583.259031559641812
584.289776018220550
585.320413085687392
586.350943908912200
587.381369723247985
588.411691837449894
589.441911617507117
590.472030469604874
591.502049822452136
592.531971109207461
593.561795749257385
594.591525130092805
595.621160589528813
596.650703398516498
597.680154744776814
598.709515717480599
599.738787293181190
600.767970323188138
601.797065522549133
602.826073460783050
603.854994554481891
604.883829061871893
605.912577079394850
606.941238540345125
607.969813215564727
608.998300716174867
610.026700498289983
611.055011869642044
612.083233998012474
613.111365921347215
614.139406559412691
615.167354726832059
616.195209147322430
617.222968468952786
618.250631280217590
619.278196126723515
620.305661528282826
621.333025996197193
622.360288050526833
623.387446237131144
624.414499144283013
625.441445418656826
626.468283780505544
627.495013037849276
628.521632099511862
629.548139986857109
630.574535844088473
631.600818946998061
632.626988710066257
633.653044691832179
634.678986598481060
635.704814285609359
636.730527758158246
637.756127168523221
638.781612812874187
639.806985125744859
640.832244672969296
641.857392143067841
642.882428337208808
643.907354157886061
644.932170596476226
645.956878719849897
646.981479656228430
648.005974580485486
649.030364699099664
650.054651234966400
651.078835412281251
652.102918441697966
653.126901505961314
654.150785746197357
655.174572249037737
656.198262034731329
657.221856046376047
658.245355140388824
659.268760078297305
660.292071519923297
661.315290017994016
662.338416014198401
663.361449836676456
664.384391698910122
665.407241699962810
666.429999825990421
667.452665952937195
668.475239850310231
669.497721185916021
670.520109531437924
671.542404368722259
672.564605096643390
673.586711038416638
674.608721449230757
675.630635524079253
676.652452405671056
677.674171192318795
678.695790945707472
679.717310698455321
680.738729461398975
681.760046230536432
682.781259993582012
683.802369736092714
684.823374447140168
685.844273124512370
686.865064779433510
687.885748440810971
688.906323159010412
689.926788009178949
690.947142094137689
691.967384546869766
692.987514532632758
694.007531250732882
695.027433935994509
696.047221859966044
697.066894331900130
698.086450699550483
699.105890349826154
700.125212709339507
701.144417244893702
702.163503463935854
703.182470915017689
704.201319188284515
705.220047916021599
706.238656773271600
707.257145478534767
708.275513794556105
709.293761529191897
710.311888536343645
711.329894716937929
712.347780019920265
713.365544443224394
714.383188034675868
715.400710892770917
716.418113167281604
717.435395059624625
718.452556822934639
719.469598761782549
720.486521231484971
721.503324636949742
722.520009431017911
723.536576112265720
724.553025222244059
725.569357342140847
726.585573088873048
727.601673110619572
728.617658081823379
729.633528697710744
730.649285668379093
731.664929712522508
732.680461550875521
733.695881899459778
734.711191462732017
735.726390926729437
736.741480952320103
737.756462168657208
738.771335166945391
739.786100494615653
740.800758650005150
741.815310077630443
742.829755164134440
743.844094234981071
744.858327551955881
745.872455311525869
746.886477644098136
747.900394614200991
748.914206221606833
749.927912403393520
750.941513036937181
751.955007943807004
752.968396894528382
753.981679614157429
754.994855788602308
756.007925071614977
757.020887092353291
758.033741463413662
759.046487789209777
760.059125674570168
761.071654733408309
762.084074597320182
763.096384923945607
764.108585404932910
765.120675773342668
766.132655810324081
767.144525350905496
768.156284288749362
769.167932579729040
770.179470244209483
771.190897367926823
772.202214101390041
773.213420657755023
774.224517309149974
775.235504381469013
776.246382247677502
777.257151319714012
778.267812039107639
779.278364866456513
780.288810269951910
781.299148713154636
782.309380642255292
783.319506473066326
784.329526578009222
785.339441273363946
786.349250807049543
787.358955347200776
788.368554971790559
789.378049659534554
790.387439282291098
791.396723599144138
792.405902252323472
793.414974765090278
794.423940541675506
795.432798869326348
796.441548922474794
797.450189769013946
798.458720378621933
799.467139633046941
800.475446338228835
801.483639238105866
802.491717029921347
803.499678380825685
804.507521945538542
805.515246384821353
806.522850384489743
807.530332674682313
808.537692049091220
809.544927383852610
810.552037655791423
811.559021959716119
812.565879524462730
813.572609727396639
814.579212107095486
815.585686373953081
816.592032418470922
817.598250317026213
818.604340334945277
819.610302926746499
820.616138733456296
821.621848576955131
822.627433451353340
823.632894511452378
824.638233058404580
825.643450522730973
826.648548444919470
827.653528453874628
828.658392243538856
829.663141548051840
830.667778115850979
831.672303683151654
832.676719947268225
833.681028540248462
834.685231003305034
835.689328762522791
836.693323106297044
837.697215164949171
838.701005892917919
839.704696053887233
840.708286209166431
841.711776709571154
842.715167690996054
843.718459073804752
844.721650566085827
845.724741670759727
846.727731696440969
847.730619771896954
848.733404863870646
849.736085797973146
850.738661282289854
851.741129933294133
852.743490303612134
853.745740911144026
854.747880269019561
855.749906915844463
856.751819445679644
857.753616537199036
858.755296981482047
859.756859707910053
860.758303807675475
861.759628554446294
862.760833421774464
863.761918096903628
864.762882490684660
865.763726743381426
866.764451226225106
867.765056538645581
868.765543501196134
869.765913144253773
870.766166692663319
871.766305546564126
872.766331258701598
873.766245508600036
874.766050074017016
875.765746800158013
876.765337567170263
877.764824256462134
878.764208716420967
879.763492728117626
880.762677971589824
881.761765993288805
882.760758175264527
883.759655706637432
884.758459557879519
885.757170458378596
886.755788877720079
887.754315011063227
888.752748768923993
889.751089771613806
890.749337348509016
891.747490542245600
892.745548117861517
893.743508576814065
894.741370175727411
895.739130949633591
896.736788739392864
897.734341222894955
898.731785949573236
899.729120377690720
900.726341913799388
901.723447953721802
902.720435924361482
903.717303325629132
904.714047771746777
905.710667031201410
906.707159064632719
907.703522059970169
908.699754464178682
909.695855011040180
910.691822744457681
911.687657036866540
912.683357602417914
913.678924504704582
914.674358158904511
915.669659328310900
916.664829115332168
917.659868947138875
918.654780556223272
919.649565956231299
920.644227413498243
921.638767414781455
922.633188631747885
923.627493882810882
924.621686092945652
925.615768252136832
926.609743373121432
927.603614449092447
928.597384412020801
929.591056092234226
930.584632179870709
931.578115188779975
932.571507423415596
933.564810949198773
934.558027566782243
935.551158790574732
936.544205831815930
937.537169586409618
938.530050627645323
939.522849203844089
940.515565240884484
941.508198349470604
942.500747836916162
943.493212723142165
944.485591760502757
945.477883456992572
946.470086102328082
947.462197796356122
948.454216479206707
949.446139962601137
950.437965961721261
951.429692127063845
952.421316075736968
953.412835421700720
954.404247804503598
955.395550916143065
956.386742525739919
957.377820501796123
958.368782831882640
959.359627639675750
960.350353199330129
961.340957947242487
962.331440491308285
963.321799617820943
964.312034296199613
965.302143681743701
966.292127116637630
967.281984129415036
968.271714433099419
969.261317922212015
970.250794668824142
971.240144917798489
972.229369081346704
973.218467732991371
974.207441601001847
975.196291561336807
976.185018630111585
977.173623955582457
978.162108809616484
979.150474578613625
980.138722753821753
981.126854920987853
982.114872749274582
983.102777979382267
984.090572410806317
985.078257888175131
986.065836286632020
987.053309496228280
988.040679405341280
989.027947883145316
990.015116761218906
991.002187814406170
991.989162741108544
992.976043143232687
993.962830506069622
994.949526178438305
995.936131353455607
996.922647050338242
997.909074097652933
998.895413118439706
999.881664517618447
1000.867828472062115
1001.853904923682194
1002.839893575810606
1003.825793893107289
1004.811605105154172
1005.797326213816632
1006.782956004401740
1007.768493060562378
1008.753935782844906
1009.739282410720079
1010.724531047893265
1011.709679690641678
1012.694726258887272
1013.679668629675348
1014.664504672687258
1015.649232287371888
1016.633849441235043
1017.618354208775941
1018.602744810508057
1019.587019651442915
1020.571177358363457
1021.555216815163476
1022.539137195483477
1023.522937991838489
1024.506619040414989
1025.490180540717574
1026.473623069266523
1027.456947586599654
1028.440155436919667
1029.423248339840939
1030.406228373839667
1031.389097951201848
1032.371859784472008
1033.354516844646014
1034.337072311611109
1035.319529517589899
1036.301891884603037
1037.284162857207320
1038.266345831955732
1039.248444085200617
1040.230460700950061
1041.212398500545532
1042.194259975896784
1043.176047227934305
1044.157761911795660
1045.139405190078833
1046.120977695263264
1047.102479502159667
1048.083910110990701
1049.065268441443777
1050.046552837806985
1051.027761085067596
1052.008890435665080
1052.989937646418412
1053.970899025002382
1054.951770485235102
1055.932547610324946
1056.913225723131291
1057.893799962417233
1058.874265363976292
1059.854616945440966
1060.834849793482590
1061.814959152030042
1062.794940510047581
1063.774789687324756
1064.754502916666070
1065.734076920819462
1066.713508982452367
1067.692797005505099
1068.671939566298079
1069.650935952883401
1070.629786191286939
1071.608491057507308
1072.587052074423582
1073.565471493084033
1074.543752258240147
1075.521897958391037
1076.499912761050837
1077.477801334373225
1078.455568756691946
1079.433220415904316
1080.410761900951911
1081.388198887883391
1082.365537023153138
1083.342781806866242
1084.319938478656695
1085.297011908768582
1086.274006496722222
1087.250926079693954
1088.227773852440805
1089.204552300280511
1090.181263146293077
1091.157907313588794
1092.134484903160228
1093.110995187534172
1094.087436620166500
1095.063806860272734
1096.040102812545911
1097.016320681008892
1097.992456036043905
1098.968503893449451
1099.944458804207216
1100.920314953450088
1101.896066266956950
1102.871706523341800
1103.847229469974309
1104.822628940535196
1105.797898972019766
1106.773033918953388
1107.748028562560876
1108.722878212671503
1109.697578800244401
1110.672126958535955
1111.646520091161619
1112.620756425552145
1113.594835050638039
1114.568755937942797
1115.542519945652884
1116.516128805630387
1117.489585093726646
1118.462892184133580
1119.436054188866137
1120.409075883752166
1121.381962622595211
1122.354720241356063
1123.327354954361908
1124.299873244652872
1125.272281750630782
1126.244587151184760
1127.216796051453912
1128.188914871327370
1129.160949738697809
1130.132906389377922
1131.104790075430856
1132.076605483512822
1133.048356664589846
1134.020046976181220
1134.991679037982976
1135.963254701436881
1136.934775033508231
1137.906240314605157
1138.877650050217881
1139.849002995573983
1140.820297192326052
1141.791530016048227
1142.762698233137371
1143.733798065593419
1144.704825262106169
1145.675775173880538
1146.646642833723490
1147.617423037037952
1148.588110423547960
1149.558699558772560
1150.529185014476980
1151.499561447502856
1152.469823676544138
1153.439966756523972
1154.409986050266980
1155.379877297126541
1156.349636678116440
1157.319260876936369
1158.288747136075244
1159.258093306949377
1160.227297892830848
1161.196360083149784
1162.165279777673959
1163.134057599090056
1164.102694892643285
1165.071193711783280
1166.039556789150311
1167.007787492767420
1167.975889767873468
1168.943868065479819
1169.911727259285954
1170.879472553191363
1171.847109382021017
1172.814643308325003
1173.782079918185445
1174.749424718835371
1175.716683040590624
1176.683859945130735
1177.650960141630321
1178.617987911617320
1179.584947042882504
1180.551840772251808
1181.518671736658007
1182.485441931753257
1183.452152677252343
1184.418804588349758
1185.385397552845689
1186.351930713994989
1187.318402459563913
1188.284810418007964
1189.251151463075075
1190.217421728392765
1191.183616633703195
1192.149730924333426
1193.115758725219166
1194.081693610351749
1195.047528687933436
1196.013256700815873
1196.978870141051175
1197.944361376612278
1198.909722787647297
1199.874946908964148
1200.840026575011734
1201.804955063306124
1202.769726232136463
1203.734334648473805
1204.698775702285729
1205.663045703934586
1206.627141961941561
1207.591062839156393
1208.554807786149013
1209.518377351475010
1210.481773169222606
1211.444997924929339
1212.408055301487138
1213.370949907009845
1214.333687186830048
1215.296273321793933
1216.258715114896404
1217.221019868096391
1218.183195250913059
1219.145249162218533
1220.107189586562072
1221.069024446429921
1222.030761452082970
1222.992407951016276
1223.953970779577048
1224.915456119872943
1225.876869365702987
1226.838215001543176
1227.799496498888175
1228.760716234190568
1229.721875432276420
1230.682974138459258
1231.644011221640994
1232.604984409543704
1233.565890355947431
1234.526724738489747
1235.487482384321765
1236.448157419769359
1237.408743439204500
1238.369233687606993
1239.329621250849641
1240.289899247552057
1241.250061016421341
1242.210100293325468
1243.170011372880936
1244.129789250055637
1245.089429738158742
1246.048929560541183
1247.008286414351915
1247.967499005705349
1248.926567056601016
1249.885491284670707
1250.844273357764905
1251.802915825922582
1252.761422033647023
1253.719796015681595
1254.678042379591488
1255.636166178448548
1256.594172776825189
1257.552067713169436
1258.509856561490324
1259.467544795160620
1260.425137655560548
1261.382640028231435
1262.340056329168647
1263.297390403851068
1264.254645441524190
1265.211823907095322
1266.168927492764169
1267.125957091112696
1268.082912790899172
1269.039793896151878
1269.996598968456510
1270.953325891501208
1271.909971956182289
1272.866533963791881
1273.823008343945276
1274.779391283404038
1275.735678861476117
1276.691867187363414
1277.647952534731985
1278.603931468856217
1279.559800961980045
1280.515558492993705
1281.471202128134564
1282.426730580174990
1283.382143244390136
1284.337440210490968
1285.292622250626664
1286.247690784426368
1287.202647822877452
1288.157495893545274
1289.112237950223971
1290.066877270545092
1291.021417345344389
1291.975861763700550
1292.930214097514636
1293.884477789325956
1294.838656046829783
1295.792751747094371
1296.746767353047289
1297.700704844301981
1298.654565663878202
1299.608350681844740
1300.562060176393516
1301.515693832346869
1302.469250756633301
1303.422729509814417
1304.376128152337969
1305.329444303835089
1306.282675213445373
1307.235817838901994
1308.188868931894604
1309.141825127093853
1310.094683032149533
1311.047439315990914
1312.000090792842457
1312.952634499546321
1313.905067764039131
1314.857388263050098
1315.809594067576427
1316.761683675082395
1317.713656027798379
1318.665510516973654
1319.617246973391730
1320.568865644907191
1321.520367162183220
1322.471752494164321
1323.423022895161466
1324.374179845671051
1325.325224989235494
1326.276160067799083
1327.226986858029932
1328.177707111063683
1329.128322498001580
1330.078834563296368
1331.029244687865912
1331.979554063396790
1332.929763678839436
1333.879874319580040
1334.829886579188496
1335.779800882921791
1336.729617521605178
1337.679336693854339
1338.628958554073961
1339.578483263193903
1340.527911038821458
1341.477242201345916
1342.426477212619147
1343.375616704137428
1344.324661492160885
1345.273612577933363
1346.222471132044575
1347.171238462967267
1348.119915970854890
1349.068505088686379
1350.017007213762327
1350.965423633298769
1351.913755448339771
1352.862003500539231
1353.810168306280957
1354.758250002231534
1355.706248305863483
1356.654162493708782
1357.601991399177905
1358.549733430773585
1359.497386610531976
1360.444948631562056
1361.392416932709011
1362.339788787658790
1363.287061405235363
1364.234232037252696
1365.181298090039036
1366.128257235630372
1367.075107518631967
1368.021847454820545
1368.968476117707951
1369.914993209548356
1370.861399113306561
1371.807694922575820
1372.753882446953867
1373.699964190738683
1374.645943303514059
1375.591823501989893
1376.537608963433740
1377.483304192146534
1378.428913861654337
1379.374442636558115
1380.319894979229275
1381.265274947668559
1382.210585991779681
1383.155830755954184
1384.101010896184562
1385.046126919859034
1385.991178055968248
1386.936162162583969
1387.881075677521039
1388.825913617080687
1389.770669625458140
1390.715336076322274
1391.659904226400613
1392.604364419249805
1393.548706335811858
1394.492919286796678
1395.436992540413257
1396.380915677447547
1397.324678964168925
1398.268273732039461
1399.211692751709961
1400.154930587468016
1401.097983917227111
1402.040851802556062
1402.983535893367161
1403.926040553162920
1404.868372892408843
1405.810542700899532
1406.752562276241179
1407.694446150102749
1408.636210720309919
1409.577873802956447
1410.519454123956848
1411.460970773197687
1412.402442646184909
1413.343887897629202
1414.285323428864103
1415.226764426806767
1416.168223966995811
1417.109712687835781
1418.051238538246707
1418.992806597018443
1419.934418959392133
1420.876074685419098
1421.817769805483977
1422.759497377170874
1423.701247590352750
1424.643007918733474
1425.584763317322995
1426.526496466290610
1427.468188062193803
1428.409817157663383
1429.351361550294087
1430.292798220765462
1431.234103819106622
1432.175255196486432
1433.116229977877992
1434.057007168286191
1434.997567781819043
1435.937895478890823
1436.877977192033086
1437.817803713487592
1438.757370214884304
1439.696676664196730
1440.635728102781059
1441.574534746559038
1442.513111880968154
1443.451479529864855
1444.389661893914308
1445.327686572850325
1446.265583606101018
1447.203384384629317
1448.141120500420811
1449.078822606389167
1450.016519357340940
1450.954236492419568
1451.891996102545136
1452.829816109254125
1453.767709959024842
1454.705686519610936
1455.643750153506289
1456.581900935945441
1457.520134982226864
1458.458444850425167
1459.396819989471624
1460.335247207853627
1461.273711143787295
1462.212194722883851
1463.150679593645918
1464.089146534426391
1465.027575827816236
1465.965947599949914
1466.904242123246377
1467.842440081523819
1468.780522796690775
1469.718472417152043
1470.656272068543331
1471.593905968267563
1472.531359506437639
1473.468619297283567
1474.405673206728579
1475.342510363668453
1476.279121164365279
1477.215497281136777
1478.151631687965164
1479.087518716507930
1480.023154155900556
1480.958535408357420
1481.893661709749267
1482.828534417853234
1483.763157363615164
1484.697537250791811
1485.631684076360216
1486.565611531085324
1487.499337327581088
1488.432883394831833
1489.366275876417831
1490.299544877243761
1491.232723921894376
1492.165849116267964
1493.098958039781564
1494.032088432630189
1494.965276774397353
1495.898556869178719
1496.831958557820144
1497.765506664007944
1498.699220247757012
1499.633112204082636
1500.567189205882414
1501.501451956483834
1502.435895693036855
1503.370510868499878
1504.305283936670094
1505.240198169388350
1506.175234444875741
1507.110371958588757
1508.045588820890544
1508.980862518018512
1509.916170223715199
1510.851488958427808
1511.786795601658241
1512.722066771759501
1513.657278595851949
1514.592406401283370
1515.527424369580103
1516.462305203941696
1517.397019871665862
1518.331537492734469
1519.265825453980597
1520.199849832910559
1521.133576213528613
1522.066970964365282
1523.000003021035354
1523.932646166962968
1524.864881731911055
1525.796701515697805
1526.728110629727553
1527.659129833464476
1528.589796870401415
1529.520166327643892
1530.450307689786996
1531.380301534016098
1532.310234170093281
1533.240191369881359
1534.170252045852521
1535.100482750396395
1536.030933672929223
1536.961636479502886
1537.892603978439638
1538.823831323667719
1539.755298295325019
1540.686972169223509
1541.618810766673050
1542.550765384392889
1543.482783421419299
1544.414810619549144
1545.346792906408609
1546.278677875895028
1547.210415964666709
1548.141961392140956
1549.073272930981148
1550.004314569629514
1550.935056120901208
1551.865473821610067
1552.795550950279676
1553.725278480044153
1554.654655757646424
1555.583691168029191
1556.512402708005993
1557.440818355131796
1558.368976088529962
1559.296923408875728
1560.224716226538476
1561.152417046674600
1562.080092474638377
1563.007810178887212
1563.935635555088538
1564.863628404116071
1565.791839960773132
1566.720310551378816
1567.649068052874100
1568.578127207114221
1569.507489729954386
1570.437145071193527
1571.367071638067500
1572.297238290044788
1573.227605936723194
1574.158129111409380
1575.088757439159963
1576.019436961577412
1576.950111316801440
1577.880722800601234
1578.811213352986670
1579.741525523250857
1580.671603472000470
1581.601394066042758
1582.530848113240609
1583.459921769227776
1584.388578124425294
1585.316788946612405
1586.244536510790795
1587.171815395950034
1588.098634073117410
1589.025016061427323
1589.951000404518709
1590.876641236755859
1591.802006263759722
1592.727174130208596
1593.652230814470158
1594.577265350168773
1595.502365303716715
1596.427612482602854
1597.353079300560012
1598.278826097367755
1599.204899539810413
1600.131332060689147
1601.058142161347405
1601.985335328843803
1602.912905300704324
1603.840835441157196
1604.769100047103848
1605.697665455720198
1606.626490897850090
1607.555529089711627
1608.484726593958840
1609.414024008522119
1610.343356058904874
1611.272651678762486
1612.201834166685558
1613.130821505878430
1614.059526929054073
1614.987859803762603
1615.915726903326231
1616.843034115989440
1617.769688619897352
1618.695601518714966
1619.620690894665131
1620.544885183525366
1621.468126719964403
1622.390375249896351
1623.311611170885953
1624.231838252366288
1625.151085607575396
1626.069408730875239
1626.986889460395105
1627.903634763857326
1628.819774251622903
1629.735456341369400
1630.650843133383887
1631.566104183269545
1632.481409596014828
1633.396923087967252
1634.312795773269727
1635.229161361475690
1636.146133204144462
1637.063803273692201
1637.982242809319132
1638.901504118788580
1639.821622944170940
1640.742620851917991
1641.664507237224825
1642.587280744760392
1643.510930067937579
1644.435434212183054
1645.360762381442555
1646.286873674030858
1647.213716764576475
1648.141229716416319
1649.069340025853535
1649.997964956143960
1650.927012180980000
1651.856380730623187
1652.785962219965995
1653.715642316926051
1654.645302415613969
1655.574821478403919
1656.504078011157617
1657.432952135270625
1658.361327717531367
1659.289094515042507
1660.216150290369114
1661.142402856008857
1662.067772022141980
1662.992191451043482
1663.915610468063960
1664.837995930131910
1665.759334276816389
1666.679633918110994
1667.598928028233786
1668.517277645013110
1669.434774705193831
1670.351544319075174
1671.267745305185827
1672.183567911459477
1673.099227880667286
1674.014956625605464
1674.930988156287867
1675.847544264198405
1676.764820069523921
1677.682971971880988
1678.602109368329593
1679.522290646283409
1680.443523150405554
1681.365766292268518
1682.288936775465118
1683.212914978531444
1684.137551752801983
1685.062675140394276
1685.988096725352989
1686.913617464130311
1687.839032896686149
1688.764137607937755
1689.688728732236541
1690.612608205770130
1691.535583391033697
1692.457465707865367
1693.378067081260724
1694.297194446933645
1695.214643344605975
1696.130192899855956
1697.043606375456420
1697.954643949395177
1698.863096927638935
1699.768852837556096
1700.671992539853818
1701.572897246693401
1702.472308686388487
1703.371273715312100
1704.270956547434707
1705.172392230175092
1706.076301043280637
1706.983036648013467
1707.892646488649689
1708.804974992758389
1709.719756399672860
1710.636678461005886
1711.555419825179115
1712.475670013366653
1713.397140095352825
1714.319569315009403
1715.242730223583749
1716.166432917565544
1717.090527702471036
1718.014904824916584
1718.939489845437720
1719.864233793555741
1720.789098379353163
1721.714037970814843
1722.638981012818249
1723.563813785261800
1724.488368795681254
1725.412419007377139
1726.335678064346212
1727.257806143788912
1728.178421261755147
1729.097116767928583
1730.013487225446852
1730.927166515869885
1731.837883018196862
1732.745534289519128
1733.650274158269212
1734.552585968635412
1735.453295139362808
1736.353478985234005
1737.254279933609268
1738.156690346865162
1739.061398517270845
1739.968743764455439
1740.878762274969404
1741.791273465827544
1742.705966406721018
1743.622469081269628
1744.540399312791351
1745.459401740254407
1746.379175280606887
1747.299493065439492
1748.220213889258048
1749.141282128900002
1750.062713036795230
1750.984562870806485
1751.906887789200709
1752.829699632337679
1753.752928175886609
1754.676396706377545
1755.599813119288910
1756.522774882850854
1757.444784670429499
1758.365274293577158
1759.283636794086988
1760.199269028035133
1761.111628839939613
1762.020310957186894
1762.925142283381547
1763.826287486913543
1764.724334480659081
1765.620305411112668
1766.515538959813284
1767.411443643092980
1768.309204243192653
1769.209559718098262
1770.112728662962809
1771.018474686182799
1771.926248676177238
1772.835349116100133
1773.745074588237912
1774.654866224276930
1775.564438270574556
1776.473872785898266
1777.383631105572476
1778.294444092568256
1779.207099665239411
1780.122211435401596
1781.040064950747819
1781.960580812755779
1782.883362608676180
1783.807772156453439
1784.732991728760908
1785.658061035427863
1786.581897179772113
1787.503318676884192
1788.421104203790492
1789.334117601078333
1790.241500390949113
1791.142852201461892
1792.038251260389643
1792.928067970132815
1793.812835241127232
1794.693614856939121
1795.572718056705753
1796.453733935906030
1797.340324771936821
1798.234713602258580
1799.137094390656557
1800.046167347211167
1800.959975045872852
1801.876479066340380
1802.793857449743427
1803.710671900832494
1804.626019563838781
1805.539688364443919
1806.452227013012589
1807.364795397612625
1808.278771612258879
1809.195287789134227
1810.114936793696188
1811.037746180732711
1811.963321238391927
1812.891010689019140
1813.820013722356407
1814.749409890857805
1815.678114321909334
1816.604750540321902
1817.527390484271336
1818.443060544655282
1819.346708097186138
1820.229628341607167
1821.079036543096663
1821.891375390815256
1822.697696245071256
1823.533617111688272
1824.405691269342697
1825.301573522239096
1826.212306813038595
1827.132799124240137
1828.060089191543511
1828.992143222717914
1829.927350672426883
1830.864323208640826
1831.801826272456310
1832.738768195903958
1833.674224253402372
1834.607489126482051
1835.538147934229755
1836.466141088417544
1837.391782325450777
1838.315691888987203
1839.238640882027539
1840.161351346945139
1841.084319608270334
1842.007706593973808
1842.931290922017070
1843.854449356092800
1844.776127910988407
1845.694742242124903
1846.607998456250698
1847.512042693721014
1848.400346456975967
1849.256341886401515
1850.055186270024706
1850.802330259182554
1851.585456016534181
1852.431250693580523
1853.317400642606117
1854.222618859283102
1855.138910297017446
1856.061763284418703
1856.988640807799356
1857.917756054907159
1858.847751770689001
1859.777647162727362
1860.707009069766173
1861.636217456501754
1862.566553700331951
1863.499843713529572
1864.437740099603388
1865.381099422854959
1866.329814601094313
1867.283047043286388
1868.239584778304334
1869.198152710028580
1870.157657637609418
1871.117416526038141
1872.077404840652662
1873.038507137276383
1874.002677667841226
1874.972842230349443
1875.952261335968615
1876.942879494276895
1877.942608010247568
1878.944411420711958
1879.940987404715543
1880.929842960471433
1881.912345182654008
1882.890428907319574
1883.865018042721886
1884.835965584607266
1885.802430350461691
1886.763224317521917
1887.717075174228057
1888.662868908904102
1889.599955153773635
1890.528591280050250
1891.450522939903976
1892.369370543268360
1893.290233280762777
1894.218203610725141
1895.157065198120108
1896.108192659136193
1897.072449132082966
1898.047556047974467
1899.037047713750326
1900.028744376552368
1901.074297960389458
1901.898953433022825
1904.569752729319589
1905.128307013729909
1906.678071563928825
1907.720691538848769
1908.774646658931715
1909.790302344884367
1910.808114405544984
1911.826952039563366
1912.848358371376662
1913.870928655480839
1914.893256920259773
1915.913563390540503
1916.929719025838722
1917.939158283482811
1918.939145966520755
1919.927799366296995
1920.905850466776201
1921.877220284835857
1922.845944549663045
1923.811980900691424
1924.770973730275955
1925.718577621408940
1926.656957070897079
1927.598527105717039
1928.561261235459597
1929.559148231187237
1930.596881597743277
1931.669629217478132
1932.761850118807615
1933.849531047285836
1934.911536468869599
1935.939639177322533
1936.946376881602646
1937.957519645440470
1938.985400963889560
1940.027146918874678
1941.077118500166307
1942.131332141519351
1943.187215780851602
1944.242803708320253
1945.296173002765499
1946.345274710900185
1947.388659728129369
1948.427944104893186
1949.470935385834537
1950.530317947062940
1951.616843057866845
1952.735088707269369
1953.885621751689314
1955.071921586067901
1956.320832944170661
1957.845524475645561
1959.842642434213758
1961.144521540138840
1962.322980644340987
1963.434156677507872
1964.484767224597590
1965.507391523885644
1966.545380066071857
1967.609860211510522
1968.691081115747011
1969.782332145647160
1970.880947821513018
1971.986630992657638
1973.100133297582488
1974.218954946392387
1975.351951975898601
1976.318700343631008
1977.084483315960824
1978.162412800192214
1979.371982852019755
1980.617188905298690
1981.881584800288238
1983.164573417100655
1984.470233951015643
1985.791684724463494
1987.105150413423189
1988.387578546008399
1989.633758024765257
1990.852918302615080
1992.065518574077032
1993.325523299251245
1994.669707575725170
1995.911731546374085
1997.073447046978117
1998.209864968642705
1999.336308439480035
2000.458811256686658
2001.581478470500315
2002.700982520285606
2003.814889959709262
2004.772505242386387
2005.629385852199675
2006.712330222067749
2007.994418201473536
2009.407132076057906
2010.919518868049636
2012.435447244461329
2013.865960759067775
2015.194741292579693
2016.452500572760073
2017.667819647083434
2018.859564549817833
2020.039297123089227
2021.212214331393398
2022.377335363573593
2023.530688029505882
2024.670200427526424
2025.797006476582737
2026.913589299301748
2028.021940609644162
2029.121528790449474
2030.198032114848502
2031.120686831096009
2031.839399263588803
2032.852924151316529
2033.978284548926013
2035.143312958440674
2036.381309192459412
2037.776323254822728
2039.160853385372320
2040.162498631801782
2040.771189923378188
2041.502061247172605
2042.500955671117481
2043.597935859050949
2044.702566869690600
2045.805959003189628
2046.905031172081408
